brood_year	day	week	catch	elapsed_time
2000	13	2	0	1
2000	14	2	0	1
2000	15	2	0	1
2000	16	2	0	1
2000	17	2	0	0
2000	18	2	0	2
2000	19	2	0	0
2000	20	3	0	0
2000	21	3	0	3
2000	22	3	0	1
2000	23	3	0	NA
2000	24	3	0	NA
2000	25	3	0	NA
2000	26	3	0	NA
2000	27	4	0	NA
2000	28	4	0	NA
2000	29	4	0	NA
2000	30	4	0	NA
2000	31	4	0	NA
2000	32	4	0	NA
2000	33	4	0	NA
2000	34	5	0	NA
2000	35	5	0	NA
2000	36	5	0	NA
2000	37	5	0	NA
2000	38	5	0	NA
2000	39	5	0	NA
2000	40	5	0	NA
2000	41	6	0	NA
2000	42	6	0	NA
2000	43	6	0	NA
2000	44	6	0	NA
2000	45	6	0	NA
2000	46	6	0	NA
2000	47	6	0	NA
2000	48	7	0	NA
2000	49	7	0	NA
2000	50	7	0	NA
2000	51	7	0	NA
2000	52	7	0	NA
2000	53	7	0	NA
2000	54	7	0	NA
2000	55	8	0	NA
2000	56	8	0	NA
2000	57	8	0	NA
2000	58	8	0	NA
2000	59	8	0	NA
2000	60	8	0	NA
2000	61	8	0	NA
2000	62	9	0	NA
2000	63	9	0	NA
2000	64	9	0	NA
2000	65	9	0	NA
2000	66	9	0	NA
2000	67	9	0	NA
2000	68	9	0	NA
2000	69	10	0	NA
2000	70	10	0	NA
2000	71	10	0	NA
2000	72	10	0	NA
2000	73	10	0	NA
2000	74	10	0	NA
2000	75	10	0	NA
2000	76	11	0	NA
2000	77	11	0	NA
2000	78	11	0	NA
2000	79	11	0	NA
2000	80	11	0	NA
2000	81	11	0	NA
2000	82	11	0	NA
2000	83	12	0	NA
2000	84	12	0	NA
2000	85	12	0	NA
2000	86	12	0	NA
2000	87	12	0	NA
2000	88	12	0	NA
2000	89	12	0	NA
2000	90	13	0	NA
2000	91	13	0	NA
2000	92	13	0	NA
2000	93	13	0	NA
2000	94	13	0	NA
2000	95	13	0	NA
2000	96	13	0	NA
2000	97	14	0	NA
2000	98	14	0	NA
2000	99	14	0	NA
2000	100	14	0	NA
2000	101	14	0	NA
2000	102	14	0	NA
2000	103	14	0	NA
2000	104	15	0	NA
2000	105	15	0	NA
2000	106	15	0	NA
2000	107	15	0	NA
2000	108	15	0	NA
2000	109	15	0	NA
2000	110	15	0	NA
2000	111	16	0	NA
2000	112	16	0	NA
2000	113	16	0	NA
2000	114	16	0	1
2000	115	16	1	1
2000	116	16	0	1
2000	117	16	0	1
2000	118	17	0	1
2000	119	17	0	1
2000	120	17	3	1
2000	121	17	3	1
2000	122	17	1	1
2000	123	17	0	1
2000	124	17	0	0
2000	125	18	1	2
2000	126	18	2	1
2000	127	18	1	1
2000	128	18	0	1
2000	129	18	0	0
2000	130	18	0	2
2000	131	18	0	0
2000	132	19	0	0
2000	133	19	1	3
2000	134	19	0	1
2000	135	19	0	1
2000	136	19	0	1
2000	137	19	0	1
2000	138	19	0	1
2000	139	20	4	1
2000	140	20	0	0
2000	141	20	0	0
2000	142	20	0	3
2000	143	20	3	1
2000	144	20	0	1
2000	145	20	0	0
2000	146	21	0	2
2000	147	21	0	1
2000	148	21	3	1
2000	149	21	0	1
2000	150	21	0	1
2000	151	21	1	1
2000	152	21	0	1
2000	153	22	0	0
2000	154	22	3	2
2000	155	22	0	1
2000	156	22	2	1
2000	157	22	0	1
2000	158	22	0	1
2000	159	22	0	1
2000	160	23	2	1
2000	161	23	1	1
2000	162	23	2	1
2000	163	23	3	1
2000	164	23	2	1
2000	165	23	5	1
2000	166	23	0	0
2000	167	24	16	2
2000	168	24	7	1
2000	169	24	2	1
2000	170	24	1	1
2000	171	24	0	0
2000	172	24	1	2
2000	173	24	0	0
2000	174	25	15	2
2000	175	25	0	1
2000	176	25	5	1
2000	177	25	0	1
2000	178	25	0	1
2000	179	25	0	1
2000	180	25	2	1
2000	181	26	0	0
2000	182	26	6	2
2000	183	26	2	1
2000	184	26	4	1
2000	185	26	6	1
2000	186	26	0	1
2000	192	27	0	1
2000	193	27	17	1
2000	194	27	39	1
2000	195	28	37	1
2000	196	28	31	1
2000	197	28	10	1
2000	198	28	29	1
2000	199	28	31	1
2000	200	28	66	1
2000	201	28	82	1
2000	202	29	47	1
2000	203	29	33	1
2000	204	29	42	1
2000	205	29	52	1
2000	206	29	42	1
2000	207	29	55	1
2000	208	29	31	1
2000	209	30	92	1
2000	210	30	85	1
2000	211	30	83	1
2000	212	30	103	1
2000	213	30	83	1
2000	214	30	53	1
2000	215	30	45	1
2000	216	31	51	1
2000	217	31	36	1
2000	218	31	29	1
2000	219	31	19	1
2000	220	31	14	1
2000	221	31	24	1
2000	222	31	19	1
2000	223	32	12	1
2000	224	32	21	1
2000	225	32	13	1
2000	226	32	25	1
2000	227	32	27	1
2000	228	32	19	1
2000	229	32	4	1
2000	230	33	4	1
2000	231	33	4	1
2000	232	33	2	1
2000	233	33	2	1
2000	234	33	11	1
2000	235	33	6	1
2000	236	33	13	1
2000	237	34	6	1
2000	238	34	9	1
2000	239	34	6	1
2000	240	34	16	1
2000	241	34	2	1
2000	242	34	1	1
2000	243	34	1	1
2000	244	35	3	1
2000	245	35	1	1
2000	246	35	0	1
2000	247	35	0	1
2000	248	35	0	1
2000	249	35	0	1
2000	250	35	0	1
2000	251	36	0	1
2000	252	36	0	1
2000	253	36	0	1
2000	254	36	4	1
2000	255	36	1	1
2000	256	36	1	1
2000	257	36	0	1
2000	258	37	0	1
2000	259	37	0	1
2000	260	37	0	1
2000	261	37	0	1
2000	262	37	0	1
2000	263	37	0	1
2000	264	37	0	0
2000	265	38	0	2
2000	266	38	0	1
2000	267	38	0	1
2000	268	38	0	0
2000	269	38	0	2
2000	270	38	0	1
2000	271	38	0	1
2000	272	39	0	1
2000	273	39	0	1
2000	274	39	0	1
2000	275	39	0	1
2000	276	39	0	1
2000	277	39	0	0
2000	278	39	0	0
2000	279	40	0	3
2000	280	40	0	1
2000	281	40	0	1
2000	282	40	0	1
2000	283	40	0	1
2000	284	40	0	1
2000	285	40	0	0
2000	286	41	0	0
2000	287	41	0	3
2001	13	2	0	1
2001	14	2	0	0
2001	15	2	1	2
2001	16	2	0	0
2001	17	2	1	2
2001	18	2	0	0
2001	19	3	0	0
2001	20	3	0	0
2001	21	3	0	4
2001	22	3	0	1
2001	23	3	0	1
2001	24	3	4	1
2001	25	3	0	0
2001	26	4	3	2
2001	27	4	2	1
2001	28	4	1	1
2001	29	4	4	1
2001	30	4	0	NA
2001	31	4	0	1
2001	32	4	0	1
2001	33	5	0	1
2001	34	5	0	1
2001	35	5	32	1
2001	36	5	47	1
2001	37	5	0	0
2001	38	5	26	2
2001	39	5	4	1
2001	40	6	0	0
2001	41	6	0	0
2001	42	6	0	3
2001	43	6	0	1
2001	44	6	0	1
2001	45	6	0	1
2001	46	6	0	1
2001	47	7	0	1
2001	48	7	1	1
2001	49	7	0	1
2001	50	7	0	1
2001	51	7	0	0
2001	52	7	0	2
2001	53	7	0	0
2001	54	8	0	0
2001	55	8	3	3
2001	56	8	0	1
2001	57	8	0	1
2001	58	8	0	0
2001	59	8	7	2
2001	60	8	9	1
2001	61	9	1	1
2001	62	9	1	1
2001	63	9	0	1
2001	64	9	0	1
2001	65	9	1	1
2001	66	9	0	1
2001	67	9	0	0
2001	68	10	0	2
2001	69	10	0	1
2001	70	10	3	1
2001	71	10	1	1
2001	72	10	1	1
2001	73	10	0	0
2001	74	10	0	0
2001	75	11	0	0
2001	76	11	7	4
2001	77	11	3	1
2001	78	11	0	1
2001	79	11	2	1
2001	80	11	0	1
2001	81	11	0	0
2001	82	12	0	0
2001	83	12	0	3
2001	84	12	0	1
2001	85	12	0	0
2001	86	12	0	0
2001	87	12	0	0
2001	88	12	0	4
2001	89	13	0	0
2001	90	13	0	2
2001	91	13	0	1
2001	92	13	0	0
2001	93	13	0	2
2001	94	13	1	1
2001	95	13	0	0
2001	96	14	0	0
2001	97	14	0	3
2001	98	14	1	1
2001	99	14	1	1
2001	100	14	2	1
2001	101	14	3	1
2001	102	14	0	0
2001	103	15	0	0
2001	104	15	5	3
2001	105	15	1	1
2001	106	15	0	1
2001	107	15	0	1
2001	108	15	0	1
2001	109	15	0	0
2001	110	16	0	0
2001	111	16	0	0
2001	112	16	0	4
2001	113	16	0	1
2001	114	16	1	1
2001	115	16	3	1
2001	116	16	0	0
2001	117	17	0	0
2001	118	17	8	3
2001	119	17	3	1
2001	120	17	11	1
2001	121	17	1	1
2001	122	17	0	1
2001	123	17	0	1
2001	124	18	0	NA
2001	125	18	0	NA
2001	126	18	0	1
2001	127	18	3	1
2001	128	18	27	1
2001	129	18	21	1
2001	130	18	0	0
2001	131	19	0	0
2001	132	19	50	3
2001	133	19	33	1
2001	134	19	3	1
2001	135	19	5	1
2001	136	19	3	1
2001	137	19	0	0
2001	138	20	0	0
2001	139	20	7	3
2001	140	20	4	1
2001	141	20	0	1
2001	142	20	9	1
2001	143	20	0	1
2001	144	20	0	0
2001	145	21	0	0
2001	146	21	9	3
2001	147	21	14	1
2001	148	21	0	1
2001	149	21	1	1
2001	150	21	10	1
2001	151	21	0	NA
2001	152	22	0	NA
2001	153	22	0	1
2001	154	22	5	1
2001	155	22	0	1
2001	156	22	0	1
2001	157	22	2	1
2001	158	22	0	1
2001	159	23	0	1
2001	160	23	23	1
2001	161	23	25	1
2001	162	23	4	1
2001	163	23	0	1
2001	164	23	0	NA
2001	165	23	0	NA
2001	166	24	0	NA
2001	167	24	0	NA
2001	168	24	0	1
2001	169	24	0	1
2001	170	24	3	1
2001	171	24	21	1
2001	172	24	46	1
2001	173	25	49	1
2001	174	25	7	1
2001	175	25	23	1
2001	176	25	52	1
2001	177	25	72	1
2001	178	25	121	1
2001	179	25	69	1
2001	180	26	102	1
2001	181	26	145	1
2001	182	26	244	1
2001	183	26	102	1
2001	184	26	225	1
2001	185	26	224	1
2001	186	26	128	1
2001	187	27	150	1
2001	188	27	155	1
2001	189	27	121	1
2001	190	27	178	1
2001	191	27	177	1
2001	192	27	113	1
2001	193	27	132	1
2001	194	28	162	1
2001	195	28	69	1
2001	196	28	181	1
2001	197	28	406	1
2001	198	28	251	1
2001	199	28	302	1
2001	200	28	140	1
2001	201	29	84	1
2001	202	29	198	1
2001	203	29	273	1
2001	204	29	179	1
2001	205	29	152	1
2001	206	29	128	1
2001	207	29	112	1
2001	208	30	51	1
2001	209	30	77	1
2001	210	30	125	1
2001	211	30	33	1
2001	212	30	149	1
2001	213	30	87	1
2001	214	30	98	1
2001	215	31	59	1
2001	216	31	47	1
2001	217	31	31	1
2001	218	31	62	1
2001	219	31	41	1
2001	220	31	44	1
2001	221	31	88	1
2001	222	32	109	1
2001	223	32	109	1
2001	224	32	100	1
2001	225	32	78	1
2001	226	32	62	1
2001	227	32	74	1
2001	228	32	88	1
2001	229	33	28	1
2001	230	33	39	1
2001	231	33	25	1
2001	232	33	57	1
2001	233	33	52	1
2001	234	33	61	1
2001	235	33	86	1
2001	236	34	62	1
2001	237	34	32	1
2001	238	34	4	1
2001	239	34	14	1
2001	240	34	16	1
2001	241	34	11	1
2001	242	34	8	1
2001	243	35	14	1
2001	244	35	2	1
2001	245	35	1	1
2001	246	35	2	1
2001	247	35	5	1
2001	248	35	1	1
2001	249	35	1	1
2001	250	36	1	1
2001	251	36	0	1
2001	252	36	0	1
2001	253	36	0	1
2001	254	36	0	1
2001	255	36	0	1
2001	256	36	0	0
2001	257	37	0	0
2001	258	37	0	3
2001	259	37	0	1
2001	260	37	0	1
2001	261	37	0	1
2001	262	37	0	1
2001	263	37	0	0
2001	264	38	0	0
2001	265	38	0	3
2001	266	38	0	1
2001	267	38	0	1
2001	268	38	1	1
2001	269	38	0	1
2001	270	38	0	0
2001	271	39	0	0
2001	272	39	0	3
2001	273	39	0	1
2002	12	2	0	1
2002	13	2	0	1
2002	14	2	0	1
2002	15	2	0	1
2002	16	2	0	1
2002	17	2	0	0
2002	18	3	0	0
2002	19	3	3	3
2002	20	3	0	1
2002	21	3	0	1
2002	22	3	0	1
2002	23	3	1	1
2002	24	3	0	NA
2002	25	4	0	NA
2002	26	4	0	1
2002	27	4	0	NA
2002	28	4	0	NA
2002	29	4	0	NA
2002	30	4	0	NA
2002	31	4	0	NA
2002	32	5	0	NA
2002	33	5	0	1
2002	34	5	5	1
2002	35	5	4	1
2002	36	5	2	1
2002	37	5	10	1
2002	38	5	0	NA
2002	39	6	0	NA
2002	40	6	0	1
2002	41	6	3	1
2002	42	6	3	1
2002	43	6	2	1
2002	44	6	2	1
2002	45	6	0	NA
2002	46	7	0	NA
2002	47	7	0	1
2002	48	7	0	1
2002	49	7	2	1
2002	50	7	0	1
2002	51	7	2	1
2002	52	7	0	NA
2002	53	8	0	NA
2002	54	8	0	1
2002	55	8	2	1
2002	56	8	1	1
2002	57	8	0	NA
2002	58	8	0	NA
2002	59	8	0	NA
2002	60	9	0	NA
2002	61	9	0	1
2002	62	9	0	1
2002	63	9	4	1
2002	64	9	5	1
2002	65	9	1	1
2002	66	9	2	1
2002	67	10	2	1
2002	68	10	0	1
2002	69	10	0	0
2002	70	10	5	2
2002	71	10	5	1
2002	72	10	2	1
2002	73	10	0	0
2002	74	11	8	2
2002	75	11	6	1
2002	76	11	8	1
2002	77	11	1	1
2002	78	11	2	1
2002	79	11	1	1
2002	80	11	0	0
2002	81	12	0	0
2002	82	12	1	3
2002	83	12	0	1
2002	84	12	2	1
2002	85	12	0	0
2002	86	12	0	2
2002	87	12	0	0
2002	88	13	8	2
2002	89	13	0	0
2002	90	13	0	0
2002	91	13	3	3
2002	92	13	0	0
2002	93	13	0	2
2002	94	13	0	NA
2002	95	14	0	NA
2002	96	14	0	NA
2002	97	14	0	NA
2002	98	14	0	NA
2002	99	14	0	NA
2002	100	14	0	NA
2002	101	14	0	NA
2002	102	15	0	NA
2002	103	15	0	1
2002	104	15	8	1
2002	105	15	7	1
2002	106	15	4	1
2002	107	15	2	1
2002	108	15	0	0
2002	109	16	0	0
2002	110	16	7	3
2002	111	16	3	1
2002	112	16	2	1
2002	113	16	6	1
2002	114	16	3	1
2002	115	16	0	0
2002	116	17	0	0
2002	117	17	0	3
2002	118	17	1	1
2002	119	17	1	1
2002	120	17	0	1
2002	121	17	0	NA
2002	122	17	0	NA
2002	123	18	0	NA
2002	124	18	0	1
2002	125	18	1	1
2002	126	18	0	0
2002	127	18	0	2
2002	128	18	0	1
2002	129	18	0	0
2002	130	19	0	0
2002	131	19	2	3
2002	132	19	1	1
2002	133	19	2	1
2002	134	19	2	1
2002	135	19	8	1
2002	136	19	0	0
2002	137	20	0	0
2002	138	20	0	0
2002	139	20	6	4
2002	140	20	1	1
2002	141	20	4	1
2002	142	20	7	1
2002	143	20	0	0
2002	144	21	0	0
2002	145	21	14	3
2002	146	21	0	0
2002	147	21	5	2
2002	148	21	3	1
2002	149	21	2	1
2002	150	21	0	0
2002	151	22	4	2
2002	152	22	2	1
2002	153	22	5	1
2002	154	22	0	0
2002	155	22	4	2
2002	156	22	1	1
2002	157	22	0	0
2002	158	23	0	0
2002	159	23	3	3
2002	160	23	4	1
2002	161	23	10	1
2002	162	23	25	1
2002	163	23	25	1
2002	164	23	0	0
2002	165	24	0	0
2002	166	24	42	3
2002	167	24	22	1
2002	168	24	8	1
2002	169	24	28	1
2002	170	24	35	1
2002	171	24	0	0
2002	172	25	0	0
2002	173	25	85	3
2002	174	25	94	1
2002	175	25	66	1
2002	176	25	76	1
2002	177	25	47	1
2002	178	25	0	0
2002	179	26	94	2
2002	180	26	144	1
2002	181	26	50	1
2002	182	26	75	1
2002	183	26	97	1
2002	184	26	151	1
2002	185	26	0	0
2002	186	27	0	0
2002	187	27	174	3
2002	188	27	106	1
2002	189	27	77	1
2002	190	27	101	1
2002	191	27	126	1
2002	192	27	118	1
2002	193	28	0	0
2002	194	28	286	2
2002	195	28	89	1
2002	196	28	118	1
2002	197	28	176	1
2002	198	28	294	1
2002	199	28	191	1
2002	200	29	196	1
2002	201	29	134	1
2002	202	29	164	1
2002	203	29	292	1
2002	204	29	184	1
2002	205	29	165	1
2002	206	29	140	1
2002	207	30	191	1
2002	208	30	186	1
2002	209	30	147	1
2002	210	30	281	1
2002	211	30	402	1
2002	212	30	167	1
2002	213	30	162	1
2002	214	31	194	1
2002	215	31	240	1
2002	216	31	183	1
2002	217	31	222	1
2002	218	31	155	1
2002	219	31	182	1
2002	220	31	185	1
2002	221	32	185	1
2002	222	32	182	1
2002	223	32	145	1
2002	224	32	78	1
2002	225	32	78	1
2002	226	32	77	1
2002	227	32	76	1
2002	228	33	45	1
2002	229	33	55	1
2002	230	33	56	1
2002	231	33	53	1
2002	232	33	70	1
2002	233	33	59	1
2002	234	33	48	1
2002	235	34	22	1
2002	236	34	19	1
2002	237	34	12	1
2002	238	34	12	1
2002	239	34	16	1
2002	240	34	10	1
2002	241	34	12	1
2002	242	35	14	1
2002	243	35	6	1
2002	244	35	2	1
2002	245	35	5	1
2002	246	35	5	1
2002	247	35	10	1
2002	248	35	3	1
2002	249	36	1	1
2002	250	36	0	1
2002	251	36	1	1
2002	252	36	2	1
2002	253	36	2	1
2002	254	36	1	1
2002	255	36	0	1
2002	256	37	0	1
2002	257	37	0	1
2002	258	37	0	1
2002	259	37	0	1
2002	260	37	0	1
2002	261	37	0	1
2002	262	37	0	1
2002	263	38	0	1
2002	264	38	0	1
2003	10	2	0	1
2003	11	2	2	1
2003	12	2	1	1
2003	13	2	1	1
2003	14	2	1	1
2003	15	2	0	NA
2003	16	3	0	NA
2003	17	3	0	1
2003	18	3	0	0
2003	19	3	3	2
2003	20	3	2	1
2003	21	3	0	1
2003	22	3	0	NA
2003	23	4	0	1
2003	24	4	9	1
2003	25	4	5	1
2003	26	4	3	1
2003	27	4	2	1
2003	28	4	0	1
2003	29	4	0	NA
2003	30	5	0	NA
2003	31	5	0	1
2003	32	5	0	1
2003	33	5	1	1
2003	34	5	6	1
2003	35	5	8	1
2003	36	5	0	NA
2003	37	6	0	NA
2003	38	6	0	1
2003	39	6	0	0
2003	40	6	8	1
2003	41	6	0	0
2003	42	6	8	1
2003	43	6	0	NA
2003	44	7	0	NA
2003	45	7	0	1
2003	46	7	0	1
2003	47	7	5	1
2003	48	7	5	1
2003	49	7	15	1
2003	50	7	0	NA
2003	51	8	0	NA
2003	52	8	0	1
2003	53	8	13	1
2003	54	8	4	1
2003	55	8	0	NA
2003	56	8	0	NA
2003	57	8	0	NA
2003	58	9	0	NA
2003	59	9	0	1
2003	60	9	58	1
2003	61	9	33	1
2003	62	9	23	1
2003	63	9	14	1
2003	64	9	0	0
2003	65	10	0	0
2003	66	10	12	3
2003	67	10	23	1
2003	68	10	12	1
2003	69	10	13	1
2003	70	10	11	1
2003	71	10	9	1
2003	72	11	0	0
2003	73	11	23	2
2003	74	11	8	1
2003	75	11	14	1
2003	76	11	20	1
2003	77	11	12	1
2003	78	11	0	0
2003	79	12	0	0
2003	80	12	18	3
2003	81	12	8	1
2003	82	12	10	1
2003	83	12	10	1
2003	84	12	0	0
2003	85	12	0	0
2003	86	13	0	0
2003	87	13	47	4
2003	88	13	12	1
2003	89	13	10	1
2003	90	13	9	1
2003	91	13	0	0
2003	92	13	0	0
2003	93	14	0	0
2003	94	14	31	4
2003	95	14	6	1
2003	96	14	8	1
2003	97	14	7	1
2003	98	14	10	1
2003	99	14	0	0
2003	100	15	0	0
2003	101	15	27	3
2003	102	15	13	1
2003	103	15	8	1
2003	104	15	7	1
2003	105	15	7	1
2003	106	15	0	0
2003	107	16	0	0
2003	108	16	22	3
2003	109	16	8	1
2003	110	16	18	1
2003	111	16	21	1
2003	112	16	25	1
2003	113	16	0	0
2003	114	17	0	0
2003	115	17	12	3
2003	116	17	8	1
2003	117	17	2	1
2003	118	17	4	1
2003	119	17	1	1
2003	120	17	0	0
2003	121	18	0	0
2003	122	18	8	3
2003	123	18	3	1
2003	124	18	0	1
2003	125	18	3	1
2003	126	18	0	0
2003	127	18	0	0
2003	128	19	2	3
2003	129	19	6	1
2003	130	19	1	1
2003	131	19	8	1
2003	132	19	4	1
2003	133	19	6	1
2003	134	19	0	0
2003	135	20	0	0
2003	136	20	8	3
2003	137	20	0	0
2003	138	20	8	2
2003	139	20	8	1
2003	140	20	2	1
2003	141	20	0	0
2003	142	21	0	0
2003	143	21	12	3
2003	144	21	3	1
2003	145	21	4	1
2003	146	21	8	1
2003	147	21	6	1
2003	148	21	0	0
2003	149	22	0	0
2003	150	22	27	3
2003	151	22	5	1
2003	152	22	10	1
2003	153	22	8	1
2003	154	22	6	1
2003	155	22	0	0
2003	156	23	0	0
2003	157	23	10	3
2003	158	23	8	1
2003	159	23	6	1
2003	160	23	9	1
2003	161	23	0	0
2003	162	23	0	0
2003	163	24	18	3
2003	164	24	0	0
2003	165	24	47	2
2003	166	24	13	1
2003	167	24	13	1
2003	168	24	33	1
2003	169	24	0	0
2003	170	25	0	0
2003	171	25	7	3
2003	172	25	24	1
2003	173	25	4	1
2003	174	25	17	1
2003	175	25	11	1
2003	176	25	6	1
2003	177	26	0	0
2003	178	26	29	2
2003	179	26	6	1
2003	180	26	104	1
2003	181	26	60	1
2003	182	26	32	1
2003	183	26	0	0
2003	184	27	59	2
2003	185	27	47	1
2003	186	27	145	1
2003	187	27	101	1
2003	188	27	97	1
2003	189	27	145	1
2003	190	27	134	1
2003	191	28	98	1
2003	192	28	76	1
2003	193	28	67	1
2003	194	28	98	1
2003	195	28	122	1
2003	196	28	62	1
2003	197	28	39	1
2003	198	29	31	1
2003	199	29	103	1
2003	200	29	86	1
2003	201	29	58	1
2003	202	29	29	1
2003	203	29	41	1
2003	204	29	44	1
2003	205	30	55	1
2003	206	30	54	1
2003	207	30	72	1
2003	208	30	106	1
2003	209	30	211	1
2003	210	30	125	1
2003	211	30	72	1
2003	212	31	91	1
2003	213	31	70	1
2003	214	31	41	1
2003	215	31	84	1
2003	216	31	93	1
2003	217	31	137	1
2003	218	31	244	1
2003	219	32	157	1
2003	220	32	151	1
2003	221	32	104	1
2003	222	32	48	1
2003	223	32	63	1
2003	224	32	79	1
2003	225	32	50	1
2003	226	33	95	1
2003	227	33	64	1
2003	228	33	58	1
2003	229	33	43	1
2003	230	33	20	1
2003	231	33	50	1
2003	232	33	24	1
2003	233	34	16	1
2003	234	34	16	1
2003	235	34	13	1
2003	236	34	17	1
2003	237	34	9	1
2003	238	34	21	1
2003	239	34	15	1
2003	240	35	8	1
2003	241	35	9	1
2003	242	35	9	1
2003	243	35	4	1
2003	244	35	5	1
2003	245	35	2	1
2003	246	35	5	1
2003	247	36	5	1
2003	248	36	1	1
2003	249	36	1	1
2003	250	36	1	1
2003	251	36	0	1
2003	252	36	1	1
2003	253	36	2	1
2003	254	37	2	1
2003	255	37	0	1
2003	256	37	0	1
2003	257	37	0	1
2003	258	37	0	1
2003	259	37	0	1
2003	260	37	0	1
2003	261	38	0	1
2003	262	38	0	1
2003	263	38	0	1
2003	264	38	0	1
2003	265	38	0	1
2003	266	38	0	1
2003	267	38	0	1
2003	268	39	0	1
2003	269	39	1	1
2003	270	39	0	1
2003	271	39	0	1
2003	272	39	0	1
2004	9	2	0	1
2004	10	2	0	1
2004	11	2	0	0
2004	12	2	1	2
2004	13	2	3	1
2004	14	2	0	0
2004	15	3	0	0
2004	16	3	2	3
2004	17	3	0	1
2004	18	3	2	1
2004	19	3	0	1
2004	20	3	2	1
2004	21	3	0	0
2004	22	4	0	0
2004	23	4	17	3
2004	24	4	4	1
2004	25	4	1	1
2004	26	4	4	1
2004	27	4	5	1
2004	28	4	0	0
2004	29	5	0	0
2004	30	5	22	3
2004	31	5	4	1
2004	32	5	11	1
2004	33	5	10	1
2004	34	5	6	1
2004	35	5	0	0
2004	36	6	0	0
2004	37	6	22	3
2004	38	6	3	1
2004	39	6	12	1
2004	40	6	27	1
2004	41	6	50	1
2004	42	6	0	0
2004	43	7	0	0
2004	44	7	62	3
2004	45	7	63	1
2004	46	7	38	1
2004	47	7	0	1
2004	48	7	0	1
2004	49	7	0	0
2004	50	8	0	0
2004	51	8	2	3
2004	52	8	2	1
2004	53	8	0	1
2004	54	8	0	0
2004	55	8	0	2
2004	56	8	0	0
2004	57	9	0	0
2004	58	9	20	3
2004	59	9	5	1
2004	60	9	0	0
2004	61	9	7	2
2004	62	9	2	1
2004	63	9	0	0
2004	64	10	0	0
2004	65	10	38	3
2004	66	10	28	1
2004	67	10	42	1
2004	68	10	28	1
2004	69	10	0	0
2004	70	10	0	0
2004	71	11	0	0
2004	72	11	17	4
2004	73	11	16	1
2004	74	11	6	1
2004	75	11	9	1
2004	76	11	1	1
2004	77	11	0	0
2004	78	12	0	0
2004	79	12	1	3
2004	80	12	18	1
2004	81	12	16	1
2004	82	12	2	1
2004	83	12	1	1
2004	84	12	0	0
2004	85	13	0	0
2004	86	13	0	3
2004	87	13	5	1
2004	88	13	0	1
2004	89	13	1	1
2004	90	13	1	1
2004	91	13	0	0
2004	92	13	0	2
2004	93	13	0	0
2004	94	13	0	2
2004	95	13	0	1
2004	96	13	2	1
2004	97	13	0	1
2004	98	13	0	0
2004	99	14	0	0
2004	100	14	2	3
2004	101	14	2	1
2004	102	14	1	1
2004	103	14	1	1
2004	104	14	2	1
2004	105	14	1	1
2004	106	15	0	0
2004	107	15	1	2
2004	108	15	4	1
2004	109	15	1	1
2004	110	15	0	1
2004	111	15	2	1
2004	112	15	0	0
2004	113	16	0	0
2004	114	16	10	3
2004	115	16	0	1
2004	116	16	6	1
2004	117	16	0	1
2004	118	16	3	1
2004	119	16	0	0
2004	120	17	6	2
2004	121	17	1	1
2004	122	17	1	1
2004	123	17	3	1
2004	124	17	4	1
2004	125	17	2	1
2004	126	17	0	0
2004	127	18	0	0
2004	128	18	13	3
2004	129	18	0	1
2004	130	18	7	1
2004	131	18	0	0
2004	132	18	9	2
2004	133	18	0	0
2004	134	19	0	0
2004	135	19	7	3
2004	136	19	4	1
2004	137	19	1	1
2004	138	19	8	1
2004	139	19	6	1
2004	140	19	0	0
2004	141	20	0	0
2004	142	20	0	0
2004	143	20	20	4
2004	144	20	3	1
2004	145	20	5	1
2004	146	20	0	0
2004	147	20	0	0
2004	148	21	0	0
2004	149	21	18	4
2004	150	21	2	1
2004	151	21	0	0
2004	152	21	4	2
2004	153	21	2	1
2004	154	21	0	0
2004	155	22	0	0
2004	156	22	6	3
2004	157	22	2	1
2004	158	22	1	1
2004	159	22	2	1
2004	160	22	6	1
2004	161	22	0	0
2004	162	23	0	0
2004	163	23	9	3
2004	164	23	0	0
2004	165	23	4	2
2004	166	23	0	0
2004	167	23	0	2
2004	168	23	0	0
2004	169	24	0	0
2004	170	24	7	3
2004	171	24	4	1
2004	172	24	7	1
2004	173	24	4	1
2004	174	24	2	1
2004	175	24	0	0
2004	176	25	0	0
2004	177	25	14	3
2004	178	25	6	1
2004	179	25	4	1
2004	180	25	6	1
2004	181	25	9	1
2004	182	25	0	0
2004	183	26	0	0
2004	184	26	57	3
2004	185	26	8	1
2004	186	26	11	1
2004	187	26	14	1
2004	188	26	5	1
2004	189	26	1	1
2004	190	27	0	NA
2004	191	27	0	NA
2004	192	27	16	1
2004	193	27	16	1
2004	194	27	0	1
2004	195	27	28	1
2004	196	27	0	0
2004	197	28	179	1.5
2004	198	28	67	1
2004	199	28	134	1
2004	200	28	145	1
2004	201	28	142	1
2004	202	28	143	1
2004	203	28	102	1
2004	204	29	62	1
2004	205	29	96	1
2004	206	29	96	1
2004	207	29	92	1
2004	208	29	61	1
2004	209	29	70	1
2004	210	29	91	1
2004	211	30	66	1
2004	212	30	88	1
2004	213	30	112	1
2004	214	30	78	1
2004	215	30	45	1
2004	216	30	43	1
2004	217	30	31	1
2004	218	31	31	1
2004	219	31	17	1
2004	220	31	61	1
2004	221	31	35	1
2004	222	31	15	1
2004	223	31	28	1
2004	224	31	41	1
2004	225	32	43	1
2004	226	32	48	1
2004	227	32	27	1
2004	228	32	144	1
2004	229	32	73	1
2004	230	32	27	1
2004	231	32	7	1
2004	232	33	0	NA
2004	233	33	0	1
2004	234	33	9	1
2004	235	33	6	1
2004	236	33	6	1
2004	237	33	10	1
2004	238	33	4	1
2004	239	34	5	1
2004	240	34	0	1
2004	241	34	3	1
2004	242	34	6	1
2004	243	34	3	1
2004	244	34	7	1
2004	245	34	8	1
2004	246	35	4	1
2004	247	35	0	1
2004	248	35	1	1
2004	249	35	1	1
2004	250	35	2	1
2004	251	35	1	1
2004	252	35	0	1
2004	253	36	0	0
2004	254	36	0	2
2004	255	36	0	1
2004	256	36	0	1
2004	257	36	0	1
2004	258	36	0	1
2004	259	36	0	1
2004	260	37	0	0
2004	261	37	0	2
2004	262	37	0	1
2004	263	37	0	1
2004	264	37	0	1
2004	265	37	0	1
2004	266	37	0	1
2004	267	38	0	0
2004	268	38	0	2
2004	269	38	0	1
2004	270	38	0	1
2004	271	38	0	1
2004	272	38	0	1
2005	36	5	0	1
2005	37	5	1	1
2005	38	5	1	1
2005	39	5	1	1
2005	40	5	21	1
2005	41	5	8	1
2005	42	6	0	0
2005	43	6	28	2
2005	44	6	10	1
2005	45	6	15	1
2005	46	6	9	1
2005	47	6	0	0
2005	48	6	0	0
2005	49	7	0	0
2005	50	7	14	4
2005	51	7	0	0
2005	52	7	6	2
2005	53	7	0	0
2005	54	7	1	2
2005	55	7	0	1
2005	56	8	0	0
2005	57	8	8	2
2005	58	8	0	1
2005	59	8	7	1
2005	60	8	0	0
2005	61	8	3	2
2005	62	8	6	1
2005	63	9	0	0
2005	64	9	7	2
2005	65	9	4	1
2005	66	9	5	1
2005	67	9	2	1
2005	68	9	0	1
2005	69	9	0	1
2005	70	10	0	0
2005	71	10	39	2
2005	72	10	7	1
2005	73	10	6	1
2005	74	10	2	1
2005	75	10	7	1
2005	76	10	0	1
2005	77	11	0	NA
2005	78	11	0	1
2005	79	11	1	1
2005	80	11	8	1
2005	81	11	3	1
2005	82	11	4	1
2005	83	11	0	0
2005	84	12	9	2
2005	85	12	0	0
2005	86	12	9	2
2005	87	12	2	1
2005	88	12	1	1
2005	89	12	6	1
2005	90	12	5	1
2005	91	13	0	0
2005	92	13	0	0
2005	93	13	9	3
2005	94	13	1	1
2005	95	13	2	1
2005	96	13	6	1
2005	97	13	0	1
2005	98	14	0	0
2005	99	14	1	2
2005	100	14	2	1
2005	101	14	4	1
2005	102	14	2	1
2005	103	14	2	1
2005	104	14	0	0
2005	105	15	0	0
2005	106	15	0	0
2005	107	15	10	4
2005	108	15	7	1
2005	109	15	1	1
2005	110	15	0	1
2005	111	15	0	0
2005	112	16	0	0
2005	113	16	8	3
2005	114	16	2	1
2005	115	16	6	1
2005	116	16	1	1
2005	117	16	0	1
2005	118	16	0	0
2005	119	17	0	0
2005	120	17	5	3
2005	121	17	0	1
2005	122	17	2	1
2005	123	17	0	1
2005	124	17	0	1
2005	125	17	0	0
2005	126	18	0	0
2005	127	18	0	0
2005	128	18	5	4
2005	129	18	0	0
2005	130	18	7	2
2005	131	18	9	1
2005	132	18	0	0
2005	133	19	6	2
2005	134	19	2	1
2005	135	19	4	1
2005	136	19	10	1
2005	137	19	0	0
2005	138	19	10	2
2005	139	19	0	0
2005	140	20	0	0
2005	141	20	0	0
2005	142	20	9	4
2005	143	20	3	1
2005	144	20	3	1
2005	145	20	7	1
2005	146	20	0	0
2005	147	21	0	2
2005	148	21	3	1
2005	149	21	1	1
2005	150	21	9	1
2005	151	21	4	1
2005	152	21	3	1
2005	153	21	0	0
2005	154	22	0	0
2005	155	22	0	3
2005	156	22	3	1
2005	157	22	4	1
2005	158	22	0	0
2005	159	22	2	2
2005	160	22	0	0
2005	161	23	0	0
2005	162	23	8	3
2005	163	23	1	1
2005	164	23	0	1
2005	165	23	2	1
2005	166	23	2	1
2005	167	23	0	0
2005	168	24	0	0
2005	169	24	5	3
2005	170	24	6	1
2005	171	24	24	1
2005	172	24	62	1
2005	173	24	30	1
2005	174	24	0	0
2005	175	25	20	2
2005	176	25	66	1
2005	177	25	37	1
2005	178	25	105	1
2005	179	25	53	1
2005	180	25	13	1
2005	181	25	0	0
2005	182	26	0	2
2005	183	26	136	1
2005	184	26	114	1
2005	185	26	51	1
2005	186	26	42	1
2005	187	26	43	1
2005	188	26	0	0
2005	189	27	0	0
2005	190	27	138	2
2005	191	27	9	1
2005	192	27	79	1
2005	193	27	36	1
2005	194	27	34	1
2005	195	27	0	0
2005	196	28	76	2
2005	197	28	65	1
2005	198	28	71	1
2005	199	28	78	1
2005	200	28	66	1
2005	201	28	64	1
2005	202	28	41	1
2005	203	29	37	1
2005	204	29	35	1
2005	205	29	56	1
2005	206	29	53	1
2005	207	29	81	1
2005	208	29	38	1
2005	209	29	27	1
2005	210	30	47	1
2005	211	30	32	1
2005	212	30	27	1
2005	213	30	16	1
2005	214	30	25	1
2005	215	30	47	1
2005	216	30	26	1
2005	217	31	25	1
2005	218	31	16	1
2005	219	31	27	1
2005	220	31	15	1
2005	221	31	34	1
2005	222	31	50	1
2005	223	31	24	1
2005	224	32	33	1
2005	225	32	21	1
2005	226	32	23	1
2005	227	32	9	1
2005	228	32	13	1
2005	229	32	16	1
2005	230	32	12	1
2005	231	33	12	1
2005	232	33	5	1
2005	233	33	4	1
2005	234	33	4	1
2005	235	33	2	1
2005	236	33	1	1
2005	237	33	0	1
2005	238	34	3	1
2005	239	34	1	1
2005	240	34	0	1
2005	241	34	1	1
2005	242	34	1	1
2005	243	34	0	1
2005	244	34	2	1
2005	245	35	0	1
2005	246	35	0	1
2005	247	35	0	1
2005	248	35	0	1
2005	249	35	0	1
2005	250	35	0	1
2005	251	35	0	1
2005	252	36	0	1
2005	253	36	0	1
2005	254	36	0	1
2005	255	36	0	1
2005	256	36	0	1
2005	257	36	0	1
2005	258	36	0	0
2005	259	37	0	0
2005	260	37	0	3
2005	261	37	0	1
2005	262	37	0	1
2005	263	37	0	1
2005	264	37	0	1
2005	265	37	0	0
2005	266	38	0	0
2005	267	38	0	3
2005	268	38	0	1
2005	269	38	0	1
2005	270	38	0	1
2005	271	38	0	1
2006	7	1	0	1
2006	8	1	0	1
2006	9	1	1	1
2006	10	1	0	1
2006	11	1	0	1
2006	12	1	0	0
2006	13	2	0	0
2006	14	2	2	3
2006	15	2	0	1
2006	16	2	1	1
2006	17	2	6	1
2006	18	2	5	1
2006	19	2	3	1
2006	20	3	2	1
2006	21	3	9	1
2006	22	3	1	1
2006	23	3	0	1
2006	24	3	0	1
2006	25	3	2	1
2006	26	3	0	0
2006	27	4	12	2
2006	28	4	20	1
2006	29	4	5	1
2006	30	4	6	1
2006	31	4	14	1
2006	32	4	19	1
2006	33	4	0	0
2006	34	5	13	2
2006	35	5	5	1
2006	36	5	5	1
2006	37	5	2	1
2006	38	5	3	1
2006	39	5	4	1
2006	40	5	3	1
2006	41	6	7	1
2006	42	6	11	1
2006	43	6	2	1
2006	44	6	0	1
2006	45	6	39	1
2006	46	6	16	1
2006	47	6	0	0
2006	48	7	5	2
2006	49	7	5	1
2006	50	7	5	1
2006	51	7	1	1
2006	52	7	0	0
2006	53	7	0	0
2006	54	7	55	3
2006	55	8	0	0
2006	56	8	14	2
2006	57	8	8	1
2006	58	8	14	1
2006	59	8	12	1
2006	60	8	6	1
2006	61	8	0	0
2006	62	9	0	0
2006	63	9	24	3
2006	64	9	9	1
2006	65	9	0	1
2006	66	9	1	1
2006	67	9	13	1
2006	68	9	0	0
2006	69	10	0	0
2006	70	10	112	3
2006	71	10	50	1
2006	72	10	29	1
2006	73	10	32	1
2006	74	10	32	1
2006	75	10	0	0
2006	76	11	0	0
2006	77	11	12	3
2006	78	11	11	1
2006	79	11	0	0
2006	80	11	6	2
2006	81	11	3	1
2006	82	11	0	0
2006	83	12	0	0
2006	84	12	7	3
2006	85	12	0	0
2006	86	12	15	2
2006	87	12	9	1
2006	88	12	9	1
2006	89	12	0	0
2006	90	13	0	0
2006	91	13	15	3
2006	92	13	0	0
2006	93	13	17	2
2006	94	13	2	1
2006	95	13	7	1
2006	96	13	0	0
2006	97	14	0	0
2006	98	14	2	3
2006	99	14	8	1
2006	100	14	3	1
2006	101	14	5	1
2006	102	14	3	1
2006	103	14	0	0
2006	104	15	0	0
2006	105	15	1	3
2006	106	15	0	0
2006	107	15	10	2
2006	108	15	3	1
2006	109	15	0	0
2006	110	15	0	0
2006	111	16	0	0
2006	112	16	0	0
2006	113	16	12	5
2006	114	16	0	0
2006	115	16	6	2
2006	116	16	11	1
2006	117	16	0	0
2006	118	17	0	0
2006	119	17	24	3
2006	120	17	1	1
2006	121	17	0	0
2006	122	17	0	0
2006	123	17	8	3
2006	124	17	0	0
2006	125	18	0	0
2006	126	18	8	3
2006	127	18	3	1
2006	128	18	0	0
2006	129	18	3	2
2006	130	18	0	1
2006	131	18	0	0
2006	132	19	0	0
2006	133	19	2	3
2006	134	19	4	1
2006	135	19	3	1
2006	136	19	1	1
2006	137	19	0	1
2006	138	19	0	0
2006	139	20	0	0
2006	140	20	0	0
2006	141	20	6	4
2006	142	20	3	1
2006	143	20	1	1
2006	144	20	1	1
2006	145	20	0	0
2006	146	21	0	0
2006	147	21	4	3
2006	148	21	6	1
2006	149	21	3	1
2006	150	21	3	1
2006	151	21	5	1
2006	152	21	0	0
2006	153	22	0	0
2006	154	22	1	3
2006	155	22	0	1
2006	156	22	6	1
2006	157	22	4	1
2006	158	22	6	1
2006	159	22	0	0
2006	160	23	0	0
2006	161	23	14	3
2006	162	23	6	1
2006	163	23	7	1
2006	164	23	8	1
2006	165	23	11	1
2006	166	23	0	0
2006	167	24	0	0
2006	168	24	11	3
2006	169	24	14	1
2006	170	24	7	1
2006	171	24	13	1
2006	172	24	12	1
2006	173	24	0	0
2006	174	25	0	0
2006	175	25	28	3
2006	176	25	71	1
2006	177	25	26	1
2006	178	25	48	1
2006	179	25	43	1
2006	180	25	0	0
2006	181	26	0	0
2006	182	26	80	3
2006	183	26	39	1
2006	184	26	7	1
2006	185	26	15	1
2006	186	26	32	1
2006	187	26	0	0
2006	188	27	0	0
2006	189	27	20	3
2006	190	27	6	1
2006	191	27	12	1
2006	192	27	16	1
2006	193	27	7	1
2006	194	27	0	0
2006	195	28	0	0
2006	196	28	17	3
2006	197	28	4	1
2006	198	28	22	1
2006	199	28	63	1
2006	200	28	125	1
2006	201	28	22	1
2006	202	29	105	1
2006	203	29	79	1
2006	204	29	65	1
2006	205	29	28	1
2006	206	29	75	1
2006	207	29	106	1
2006	208	29	95	1
2006	209	30	59	1
2006	210	30	82	1
2006	211	30	84	1
2006	212	30	113	1
2006	213	30	62	1
2006	214	30	51	1
2006	215	30	40	1
2006	216	31	28	1
2006	217	31	40	1
2006	218	31	34	1
2006	219	31	2	1
2006	220	31	3	1
2006	221	31	2	1
2006	222	31	7	1
2006	223	32	7	1
2006	224	32	8	1
2006	225	32	3	1
2006	226	32	6	1
2006	227	32	6	1
2006	228	32	7	1
2006	229	32	0	1
2006	230	33	0	1
2006	231	33	0	NA
2006	232	33	0	NA
2006	233	33	0	NA
2006	234	33	0	NA
2006	235	33	0	NA
2006	236	33	0	1
2006	237	34	5	1
2006	238	34	6	1
2006	239	34	4	1
2006	240	34	3	1
2006	241	34	5	1
2006	242	34	1	1
2006	243	34	1	1
2006	244	35	0	1
2006	245	35	3	1
2006	246	35	0	1
2006	247	35	0	1
2006	248	35	0	1
2006	249	35	0	1
2006	250	35	0	1
2006	251	36	0	1
2006	252	36	1	1
2006	253	36	0	1
2006	254	36	0	1
2006	255	36	0	1
2006	256	36	0	1
2006	257	36	0	1
2006	258	37	0	1
2006	259	37	0	1
2006	260	37	0	1
2006	261	37	0	1
2006	262	37	0	1
2006	263	37	0	1
2006	264	37	0	1
2006	265	38	0	0
2006	266	38	1	2
2006	267	38	0	1
2006	268	38	0	1
2006	269	38	0	1
2006	270	38	0	1
2006	271	38	0	0
2006	272	39	0	0
2006	273	39	0	3
2006	274	39	0	1
2006	275	39	0	1
2007	12	2	0	1
2007	13	2	0	1
2007	14	2	1	1
2007	15	2	0	1
2007	16	2	1	1
2007	17	2	0	0
2007	18	3	0	0
2007	19	3	0	3
2007	20	3	2	1
2007	21	3	3	1
2007	22	3	4	1
2007	23	3	7	1
2007	24	3	0	0
2007	25	4	1	2
2007	26	4	1	1
2007	27	4	1	1
2007	28	4	1	1
2007	29	4	1	1
2007	30	4	0	1
2007	31	4	0	0
2007	32	5	0	0
2007	33	5	0	3
2007	34	5	1	1
2007	35	5	4	1
2007	36	5	4	1
2007	37	5	1	1
2007	38	5	0	0
2007	39	6	3	2
2007	40	6	0	1
2007	41	6	0	0
2007	42	6	0	2
2007	43	6	0	1
2007	44	6	2	1
2007	45	6	0	0
2007	46	7	0	2
2007	47	7	20	1
2007	48	7	14	1
2007	49	7	8	1
2007	50	7	2	1
2007	51	7	5	1
2007	52	7	0	0
2007	53	8	0	0
2007	54	8	18	3
2007	55	8	28	1
2007	56	8	19	1
2007	57	8	0	0
2007	58	8	17	2
2007	59	8	0	0
2007	60	9	0	0
2007	61	9	12	3
2007	62	9	3	1
2007	63	9	2	1
2007	64	9	3	1
2007	65	9	6	1
2007	66	9	0	0
2007	67	10	0	0
2007	68	10	3	3
2007	69	10	0	0
2007	70	10	1	2
2007	71	10	2	1
2007	72	10	0	1
2007	73	10	0	0
2007	74	11	0	0
2007	75	11	4	3
2007	76	11	2	1
2007	77	11	21	1
2007	78	11	0	0
2007	79	11	0	0
2007	80	11	0	0
2007	81	12	0	0
2007	82	12	15	5
2007	83	12	1	1
2007	84	12	4	1
2007	85	12	0	0
2007	86	12	0	0
2007	87	12	0	0
2007	88	13	0	0
2007	89	13	36	5
2007	90	13	31	1
2007	91	13	31	1
2007	92	13	0	0
2007	93	13	38	2
2007	94	13	0	0
2007	95	14	0	2
2007	96	14	10	1
2007	97	14	13	1
2007	98	14	15	1
2007	99	14	0	1
2007	100	14	0	NA
2007	101	14	0	NA
2007	102	15	0	NA
2007	103	15	2	1
2007	104	15	0	1
2007	105	15	2	1
2007	106	15	0	1
2007	107	15	9	1
2007	108	15	0	1
2007	109	16	0	0
2007	110	16	0	0
2007	111	16	39	3
2007	112	16	23	1
2007	113	16	13	1
2007	114	16	4	1
2007	115	16	0	0
2007	116	17	0	0
2007	117	17	20	3
2007	118	17	24	1
2007	119	17	12	1
2007	120	17	9	1
2007	121	17	2	1
2007	122	17	0	0
2007	123	18	0	0
2007	124	18	5	3
2007	125	18	0	1
2007	126	18	0	1
2007	127	18	0	1
2007	128	18	0	1
2007	129	18	0	0
2007	130	19	0	0
2007	131	19	5	3
2007	132	19	6	1
2007	133	19	0	0
2007	134	19	3	2
2007	135	19	0	1
2007	136	19	0	0
2007	137	20	0	0
2007	138	20	0	0
2007	139	20	1	4
2007	140	20	0	1
2007	141	20	0	0
2007	142	20	0	2
2007	143	20	0	0
2007	144	21	0	0
2007	145	21	1	3
2007	146	21	0	0
2007	147	21	0	2
2007	148	21	3	1
2007	149	21	0	1
2007	150	21	0	0
2007	151	22	0	0
2007	152	22	6	3
2007	153	22	7	1
2007	154	22	3	1
2007	155	22	1	1
2007	156	22	1	1
2007	157	22	0	0
2007	158	23	0	0
2007	159	23	8	3
2007	160	23	5	1
2007	161	23	0	0
2007	162	23	13	2
2007	163	23	6	1
2007	164	23	0	0
2007	165	24	0	0
2007	166	24	5	3
2007	167	24	4	1
2007	168	24	0	1
2007	169	24	3	1
2007	170	24	2	1
2007	171	24	0	0
2007	172	25	0	0
2007	173	25	12	3
2007	174	25	1	1
2007	175	25	1	1
2007	176	25	0	1
2007	177	25	4	1
2007	178	25	0	0
2007	179	26	0	0
2007	180	26	5	3
2007	181	26	0	1
2007	182	26	2	1
2007	183	26	1	1
2007	184	26	1	1
2007	185	26	0	NA
2007	186	27	0	NA
2007	187	27	2	1
2007	188	27	1	1
2007	189	27	4	1
2007	190	27	2	1
2007	191	27	0	NA
2007	192	27	0	NA
2007	193	28	0	NA
2007	194	28	0	NA
2007	195	28	0	NA
2007	196	28	0	1
2007	197	28	0	NA
2007	198	28	1	1
2007	199	28	0	1
2007	200	29	33	1
2007	201	29	36	1
2007	202	29	15	1
2007	203	29	1	1
2007	204	29	1	1
2007	205	29	4	1
2007	206	29	7	1
2007	207	30	7	1
2007	208	30	29	1
2007	209	30	41	1
2007	210	30	45	1
2007	211	30	59	1
2007	212	30	39	1
2007	213	30	73	1
2007	214	31	50	1
2007	215	31	57	1
2007	216	31	48	1
2007	217	31	2	1
2007	218	31	2	1
2007	219	31	11	1
2007	220	31	13	1
2007	221	32	11	1
2007	222	32	10	1
2007	223	32	7	1
2007	224	32	7	1
2007	225	32	13	1
2007	226	32	12	1
2007	227	32	5	1
2007	228	33	0	1
2007	229	33	12	1
2007	230	33	3	1
2007	231	33	1	1
2007	232	33	3	1
2007	233	33	3	1
2007	234	33	3	1
2007	235	34	2	1
2007	236	34	5	1
2007	237	34	4	1
2007	238	34	3	1
2007	239	34	9	1
2007	240	34	4	1
2007	241	34	7	1
2007	242	35	0	1
2007	243	35	0	1
2007	244	35	0	1
2007	245	35	0	1
2007	246	35	0	1
2007	247	35	4	1
2007	248	35	0	1
2007	249	36	1	1
2007	250	36	0	1
2007	251	36	1	1
2007	252	36	0	1
2007	253	36	4	1
2007	254	36	1	1
2007	255	36	0	1
2007	256	37	0	1
2007	257	37	5	1
2007	258	37	5	1
2007	259	37	3	1
2007	260	37	0	1
2007	261	37	1	1
2007	262	37	1	1
2007	263	38	1	1
2007	264	38	0	1
2007	265	38	0	1
2007	266	38	0	1
2007	267	38	1	1
2007	268	38	0	1
2007	269	38	0	0
2007	270	39	0	0
2007	271	39	0	3
2007	272	39	0	1
2007	273	39	1	1
2007	274	39	1	1
2007	275	39	0	1
2007	276	39	0	0
2007	277	40	0	0
2007	278	40	1	3
2007	279	40	0	1
2007	280	40	0	1
2007	281	40	0	1
2007	282	40	0	1
2008	18	3	0	1
2008	19	3	0	1
2008	20	3	1	1
2008	21	3	0	1
2008	22	3	0	1
2008	23	3	0	0
2008	24	4	0	0
2008	25	4	0	3
2008	26	4	0	1
2008	27	4	3	1
2008	28	4	12	1
2008	29	4	1	1
2008	30	4	0	0
2008	31	5	0	0
2008	32	5	1	3
2008	33	5	1	1
2008	34	5	3	1
2008	35	5	5	1
2008	36	5	1	1
2008	37	5	0	0
2008	38	6	0	0
2008	39	6	5	3
2008	40	6	2	1
2008	41	6	0	0
2008	42	6	2	2
2008	43	6	2	1
2008	44	6	0	0
2008	45	7	0	0
2008	46	7	9	3
2008	47	7	0	1
2008	48	7	0	1
2008	49	7	3	1
2008	50	7	1	1
2008	51	7	0	0
2008	52	8	0	0
2008	53	8	0	3
2008	54	8	3	1
2008	55	8	0	1
2008	56	8	0	0
2008	57	8	0	0
2008	58	8	0	0
2008	59	9	0	0
2008	60	9	0	5
2008	61	9	0	1
2008	62	9	1	1
2008	63	9	0	1
2008	64	9	0	1
2008	65	9	0	0
2008	66	10	0	0
2008	67	10	13	3
2008	68	10	10	1
2008	69	10	1	1
2008	70	10	0	1
2008	71	10	27	1
2008	72	10	0	0
2008	73	11	0	0
2008	74	11	20	3
2008	75	11	2	1
2008	76	11	4	1
2008	77	11	3	1
2008	78	11	10	1
2008	79	11	0	0
2008	80	12	0	0
2008	81	12	22	3
2008	82	12	2	1
2008	83	12	0	1
2008	84	12	0	1
2008	85	12	0	0
2008	86	12	0	0
2008	87	13	0	0
2008	88	13	3	4
2008	89	13	0	1
2008	90	13	0	1
2008	91	13	0	1
2008	92	13	0	0
2008	93	13	0	0
2008	94	14	0	0
2008	95	14	7	4
2008	96	14	10	1
2008	97	14	0	1
2008	98	14	0	1
2008	99	14	23	1
2008	100	14	0	0
2008	101	15	0	0
2008	102	15	30	3
2008	103	15	3	1
2008	104	15	2	1
2008	105	15	3	1
2008	106	15	0	1
2008	107	15	0	0
2008	108	16	0	0
2008	109	16	0	0
2008	110	16	1	4
2008	111	16	0	1
2008	112	16	0	0
2008	113	16	0	2
2008	114	16	0	0
2008	115	17	0	0
2008	116	17	0	0
2008	117	17	0	0
2008	118	17	0	0
2008	119	17	6	6
2008	120	17	3	1
2008	121	17	0	0
2008	122	18	0	0
2008	123	18	3	3
2008	124	18	1	1
2008	125	18	0	1
2008	126	18	0	1
2008	127	18	0	1
2008	128	18	0	0
2008	129	19	0	0
2008	130	19	0	3
2008	131	19	1	1
2008	132	19	0	1
2008	133	19	0	1
2008	134	19	0	1
2008	135	19	0	0
2008	136	20	0	0
2008	137	20	0	0
2008	138	20	0	4
2008	139	20	0	1
2008	140	20	0	1
2008	141	20	0	1
2008	142	20	0	0
2008	143	21	0	0
2008	144	21	0	3
2008	145	21	5	1
2008	146	21	0	1
2008	147	21	0	1
2008	148	21	0	1
2008	149	21	0	0
2008	150	22	0	0
2008	151	22	2	3
2008	152	22	1	1
2008	153	22	0	1
2008	154	22	0	1
2008	155	22	0	0
2008	156	22	0	0
2008	157	23	0	0
2008	158	23	1	4
2008	159	23	1	1
2008	160	23	0	1
2008	161	23	6	1
2008	162	23	2	1
2008	163	23	0	0
2008	164	24	0	0
2008	165	24	12	3
2008	166	24	1	1
2008	167	24	0	1
2008	168	24	12	1
2008	169	24	7	1
2008	170	24	0	0
2008	171	25	0	0
2008	172	25	14	3
2008	173	25	2	1
2008	174	25	3	1
2008	175	25	3	1
2008	176	25	11	1
2008	177	25	0	0
2008	178	26	0	0
2008	179	26	17	3
2008	180	26	14	1
2008	181	26	31	1
2008	182	26	73	1
2008	183	26	0	0
2008	184	26	0	0
2008	185	27	0	0
2008	186	27	75	4
2008	187	27	13	1
2008	188	27	7	1
2008	189	27	5	1
2008	190	27	0	1
2008	191	27	0	0
2008	192	28	17	2
2008	193	28	1	1
2008	194	28	11	1
2008	195	28	9	1
2008	196	28	12	1
2008	197	28	32	1
2008	198	28	27	1
2008	199	29	70	1
2008	200	29	120	1
2008	201	29	80	1
2008	202	29	47	1
2008	203	29	25	1
2008	204	29	71	1
2008	205	29	53	1
2008	206	30	78	1
2008	207	30	64	1
2008	208	30	30	1
2008	209	30	88	1
2008	210	30	87	1
2008	211	30	64	1
2008	212	30	48	1
2008	213	31	63	1
2008	214	31	47	1
2008	215	31	106	1
2008	216	31	74	1
2008	217	31	59	1
2008	218	31	71	1
2008	219	31	41	1
2008	220	32	30	1
2008	221	32	36	1
2008	222	32	35	1
2008	223	32	35	1
2008	224	32	47	1
2008	225	32	52	1
2008	226	32	45	1
2008	227	33	44	1
2008	228	33	37	1
2008	229	33	38	1
2008	230	33	22	1
2008	231	33	15	1
2008	232	33	8	1
2008	233	33	4	1
2008	234	34	8	1
2008	235	34	10	1
2008	236	34	17	1
2008	237	34	9	1
2008	238	34	7	1
2008	239	34	1	1
2008	240	34	3	1
2008	241	35	3	1
2008	242	35	6	1
2008	243	35	1	1
2008	244	35	0	1
2008	245	35	5	1
2008	246	35	20	1
2008	247	35	1	1
2008	248	36	0	1
2008	249	36	0	1
2008	250	36	1	1
2008	251	36	0	1
2008	252	36	0	1
2008	253	36	0	1
2008	254	36	0	1
2008	255	37	0	1
2008	256	37	0	1
2008	257	37	0	1
2008	258	37	0	1
2008	259	37	0	1
2008	260	37	0	1
2008	261	37	0	1
2008	262	38	0	1
2008	263	38	0	1
2008	264	38	0	1
2008	265	38	0	1
2008	266	38	0	1
2008	267	38	0	1
2008	268	38	0	1
2008	269	39	0	1
2008	270	39	0	1
2008	271	39	0	1
2008	272	39	0	1
2008	273	39	0	1
2008	274	39	0	1
2008	275	39	0	0
2008	276	40	0	0
2008	277	40	0	0
2008	278	40	0	4
2008	279	40	0	1
2008	280	40	0	0
2008	281	40	0	2
2009	11	2	0	1
2009	12	2	0	1
2009	13	2	6	1
2009	14	2	3	1
2009	15	2	0	0
2009	16	3	0	0
2009	17	3	6	3
2009	18	3	6	1
2009	19	3	2	1
2009	20	3	2	1
2009	21	3	0	1
2009	22	3	0	0
2009	23	4	0	0
2009	24	4	0	3
2009	25	4	0	1
2009	26	4	5	1
2009	27	4	2	1
2009	28	4	0	0
2009	29	4	0	0
2009	30	5	0	0
2009	31	5	3	4
2009	32	5	0	1
2009	33	5	6	1
2009	34	5	1	1
2009	35	5	4	1
2009	36	5	0	0
2009	37	6	0	2
2009	38	6	4	1
2009	39	6	31	1
2009	40	6	29	1
2009	41	6	32	1
2009	42	6	31	1
2009	43	6	0	0
2009	44	7	0	2
2009	45	7	39	1
2009	46	7	3	1
2009	47	7	1	1
2009	48	7	0	1
2009	49	7	7	1
2009	50	7	0	0
2009	51	8	13	2
2009	52	8	5	1
2009	53	8	0	1
2009	54	8	0	1
2009	55	8	0	0
2009	56	8	0	0
2009	57	8	0	0
2009	58	9	0	0
2009	59	9	37	5
2009	60	9	26	1
2009	61	9	33	1
2009	62	9	10	1
2009	63	9	17	1
2009	64	9	0	0
2009	65	10	0	0
2009	66	10	3	3
2009	67	10	2	1
2009	68	10	3	1
2009	69	10	5	1
2009	70	10	2	1
2009	71	10	0	0
2009	72	11	0	0
2009	73	11	12	3
2009	74	11	25	1
2009	75	11	8	1
2009	76	11	19	1
2009	77	11	27	1
2009	78	11	0	0
2009	79	12	0	0
2009	80	12	24	3
2009	81	12	15	1
2009	82	12	14	1
2009	83	12	2	1
2009	84	12	0	0
2009	85	12	0	0
2009	86	13	0	0
2009	87	13	0	0
2009	88	13	2	5
2009	89	13	0	0
2009	90	13	5	2
2009	91	13	0	0
2009	92	13	0	0
2009	93	14	0	0
2009	94	14	9	4
2009	95	14	9	1
2009	96	14	17	1
2009	97	14	3	1
2009	98	14	18	1
2009	99	14	0	0
2009	100	15	0	0
2009	101	15	31	3
2009	102	15	8	1
2009	103	15	2	1
2009	104	15	15	1
2009	105	15	13	1
2009	106	15	0	0
2009	107	16	0	0
2009	108	16	0	0
2009	109	16	0	4
2009	110	16	0	NA
2009	111	16	0	NA
2009	112	16	0	NA
2009	113	16	0	NA
2009	114	17	0	1
2009	115	17	5	1
2009	116	17	14	1
2009	117	17	36	1
2009	118	17	41	1
2009	119	17	0	0
2009	120	17	0	0
2009	121	18	0	0
2009	122	18	22	4
2009	123	18	40	1
2009	124	18	61	1
2009	125	18	60	1
2009	126	18	37	1
2009	127	18	0	0
2009	128	19	0	0
2009	129	19	1	3
2009	130	19	13	1
2009	131	19	1	1
2009	132	19	0	1
2009	133	19	0	1
2009	134	19	0	0
2009	135	20	0	0
2009	136	20	0	3
2009	137	20	1	1
2009	138	20	0	1
2009	139	20	1	1
2009	140	20	1	1
2009	141	20	0	0
2009	142	21	0	0
2009	143	21	0	0
2009	144	21	0	0
2009	145	21	2	5
2009	146	21	0	1
2009	147	21	3	1
2009	148	21	0	0
2009	149	22	0	0
2009	150	22	0	3
2009	151	22	1	1
2009	152	22	0	1
2009	153	22	0	1
2009	154	22	17	1
2009	155	22	0	0
2009	156	23	0	0
2009	157	23	78	3
2009	158	23	14	1
2009	159	23	21	1
2009	160	23	4	1
2009	161	23	7	1
2009	162	23	0	1
2009	163	24	0	NA
2009	164	24	0	1
2009	165	24	6	1
2009	166	24	3	1
2009	167	24	1	1
2009	168	24	0	1
2009	169	24	0	0
2009	170	25	0	0
2009	171	25	20	3
2009	172	25	14	1
2009	173	25	5	1
2009	174	25	25	1
2009	175	25	14	1
2009	176	25	0	0
2009	177	26	0	0
2009	178	26	0	0
2009	179	26	90	4
2009	180	26	45	1
2009	181	26	16	1
2009	182	26	14	1
2009	183	26	0	NA
2009	184	27	0	NA
2009	185	27	1	1
2009	186	27	12	1
2009	187	27	0	NA
2009	188	27	0	NA
2009	189	27	0	1
2009	190	27	10	1
2009	191	28	13	1
2009	192	28	3	1
2009	193	28	57	1
2009	194	28	72	1
2009	195	28	88	1
2009	196	28	76	1
2009	197	28	0	0
2009	198	29	179	2
2009	199	29	193	1
2009	200	29	109	1
2009	201	29	139	1
2009	202	29	157	1
2009	203	29	144	1
2009	204	29	143	1
2009	205	30	194	1
2009	206	30	162	1
2009	207	30	217	1
2009	208	30	127	1
2009	209	30	171	1
2009	210	30	118	1
2009	211	30	116	1
2009	212	31	110	1
2009	213	31	141	1
2009	214	31	102	1
2009	215	31	75	1
2009	216	31	97	1
2009	217	31	110	1
2009	218	31	128	1
2009	219	32	204	1
2009	220	32	141	1
2009	221	32	110	1
2009	222	32	95	1
2009	223	32	192	1
2009	224	32	91	1
2009	225	32	107	1
2009	226	33	77	1
2009	227	33	5	1
2009	228	33	26	1
2009	229	33	27	1
2009	230	33	20	1
2009	231	33	55	1
2009	232	33	64	1
2009	233	34	53	1
2009	234	34	33	1
2009	235	34	17	1
2009	236	34	19	1
2009	237	34	26	1
2009	238	34	11	1
2009	239	34	22	1
2009	240	35	20	1
2009	241	35	6	1
2009	242	35	4	1
2009	243	35	11	1
2009	244	35	18	1
2009	245	35	5	1
2009	246	35	10	1
2009	247	36	1	1
2009	248	36	7	1
2009	249	36	6	1
2009	250	36	4	1
2009	251	36	5	1
2009	252	36	0	0
2009	253	36	5	2
2009	254	37	4	1
2009	255	37	0	1
2009	256	37	1	1
2009	257	37	0	1
2009	258	37	1	1
2009	259	37	0	1
2009	260	37	0	1
2009	261	38	0	1
2009	262	38	0	1
2009	263	38	0	1
2009	264	38	0	1
2009	265	38	1	1
2009	266	38	2	1
2009	267	38	0	1
2009	268	39	0	1
2009	269	39	0	1
2009	270	39	0	1
2009	271	39	0	1
2009	272	39	2	1
2009	273	39	2	1
2009	274	39	0	0
2009	275	40	0	0
2009	276	40	0	0
2009	277	40	0	4
2009	278	40	0	1
2009	279	40	0	1
2009	280	40	0	1
2009	281	40	0	0
2009	282	41	0	0
2009	283	41	0	3
2009	284	41	0	1
2009	285	41	0	1
2009	286	41	0	1
2009	287	41	0	0
2009	288	41	0	0
2009	289	42	0	0
2009	290	42	1	4
2009	291	42	0	1
2009	292	42	0	1
2009	293	42	0	1
2009	294	42	0	1
2009	295	42	0	0
2009	296	43	0	0
2009	297	43	0	3
2009	298	43	0	1
2009	299	43	0	1
2009	300	43	0	1
2009	301	43	0	0
2009	302	43	0	0
2009	303	44	0	0
2009	304	44	0	4
2009	305	44	0	0
2009	306	44	0	0
2009	307	44	0	0
2009	308	44	0	4
2010	8	2	0	1
2010	9	2	1	1
2010	10	2	0	1
2010	11	2	0	1
2010	12	2	0	1
2010	13	2	1	1
2010	14	2	0	0
2010	15	3	0	0
2010	16	3	0	3
2010	17	3	1	1
2010	18	3	0	1
2010	19	3	0	1
2010	20	3	0	0
2010	21	3	0	0
2010	22	4	0	0
2010	23	4	0	4
2010	24	4	0	1
2010	25	4	1	1
2010	26	4	2	1
2010	27	4	4	1
2010	28	4	1	1
2010	29	5	0	0
2010	30	5	1	2
2010	31	5	1	1
2010	32	5	4	1
2010	33	5	3	1
2010	34	5	2	1
2010	35	5	0	0
2010	36	6	0	0
2010	37	6	3	3
2010	38	6	2	1
2010	39	6	0	1
2010	40	6	0	1
2010	41	6	0	0
2010	42	6	0	0
2010	43	7	0	0
2010	44	7	1	4
2010	45	7	1	1
2010	46	7	5	1
2010	47	7	5	1
2010	48	7	5	1
2010	49	7	0	0
2010	50	8	0	0
2010	51	8	15	3
2010	52	8	11	1
2010	53	8	7	1
2010	54	8	0	0
2010	55	8	0	0
2010	56	8	0	0
2010	57	9	0	0
2010	58	9	14	5
2010	59	9	1	1
2010	60	9	3	1
2010	61	9	0	1
2010	62	9	4	1
2010	63	9	0	0
2010	64	10	0	0
2010	65	10	8	3
2010	66	10	5	1
2010	67	10	8	1
2010	68	10	7	1
2010	69	10	5	1
2010	70	10	0	0
2010	71	11	0	0
2010	72	11	16	3
2010	73	11	8	1
2010	74	11	10	1
2010	75	11	0	0
2010	76	11	12	2
2010	77	11	0	0
2010	78	12	0	0
2010	79	12	0	0
2010	80	12	13	4
2010	81	12	9	1
2010	82	12	10	1
2010	83	12	0	0
2010	84	12	0	0
2010	85	13	0	0
2010	86	13	0	0
2010	87	13	28	5
2010	88	13	1	1
2010	89	13	2	1
2010	90	13	13	1
2010	91	13	0	1
2010	92	13	0	0
2010	93	13	23	2
2010	94	13	13	1
2010	95	13	6	1
2010	96	13	7	1
2010	97	13	1	1
2010	98	13	0	0
2010	99	14	0	0
2010	100	14	3	3
2010	101	14	0	1
2010	102	14	0	0
2010	103	14	3	2
2010	104	14	3	1
2010	105	14	0	0
2010	106	15	0	0
2010	107	15	0	0
2010	108	15	4	4
2010	109	15	0	1
2010	110	15	0	0
2010	111	15	3	2
2010	112	15	0	0
2010	113	16	0	0
2010	114	16	0	3
2010	115	16	1	1
2010	116	16	4	1
2010	117	16	6	1
2010	118	16	1	1
2010	119	16	0	0
2010	120	17	0	0
2010	121	17	6	3
2010	122	17	1	1
2010	123	17	0	1
2010	124	17	0	1
2010	125	17	0	1
2010	126	17	0	0
2010	127	18	0	0
2010	128	18	8	3
2010	129	18	1	1
2010	130	18	1	1
2010	131	18	1	1
2010	132	18	0	0
2010	133	18	0	0
2010	134	19	0	0
2010	135	19	3	4
2010	136	19	0	1
2010	137	19	1	1
2010	138	19	4	1
2010	139	19	0	1
2010	140	19	0	0
2010	141	20	0	0
2010	142	20	0	0
2010	143	20	4	4
2010	144	20	2	1
2010	145	20	0	1
2010	146	20	1	1
2010	147	20	0	NA
2010	148	21	0	NA
2010	149	21	0	1
2010	150	21	9	1
2010	151	21	14	1
2010	152	21	0	0
2010	153	21	0	0
2010	154	21	11	3
2010	155	22	0	0
2010	156	22	14	2
2010	157	22	4	1
2010	158	22	9	1
2010	159	22	5	1
2010	160	22	1	1
2010	161	22	0	0
2010	162	23	0	0
2010	163	23	7	3
2010	164	23	7	1
2010	165	23	0	0
2010	166	23	15	2
2010	167	23	9	1
2010	168	23	0	NA
2010	169	24	0	NA
2010	170	24	0	NA
2010	171	24	0	1
2010	172	24	12	1
2010	173	24	0	NA
2010	174	24	0	NA
2010	175	24	0	NA
2010	176	25	0	1
2010	177	25	2	1
2010	178	25	0	1
2010	179	25	0	NA
2010	180	25	0	1
2010	181	25	0	1
2010	182	25	0	NA
2010	183	26	0	NA
2010	184	26	0	NA
2010	185	26	0	1
2010	186	26	0	1
2010	187	26	0	1
2010	188	26	0	1
2010	189	26	11	1
2010	190	27	0	0
2010	191	27	20	2
2010	192	27	16	1
2010	193	27	13	1
2010	194	27	32	1
2010	195	27	14	1
2010	196	27	5	1
2010	197	28	2	1
2010	198	28	48	1
2010	199	28	100	1
2010	200	28	114	1
2010	201	28	183	1
2010	202	28	137	1
2010	203	28	133	1
2010	204	29	257	1
2010	205	29	105	1
2010	206	29	15	1
2010	207	29	10	1
2010	208	29	0	NA
2010	209	29	3	1
2010	210	29	11	1
2010	211	30	29	1
2010	212	30	61	1
2010	213	30	101	1
2010	214	30	67	1
2010	215	30	79	1
2010	216	30	77	1
2010	217	30	75	1
2010	218	31	77	1
2010	219	31	90	1
2010	220	31	159	1
2010	221	31	228	1
2010	222	31	192	1
2010	223	31	179	1
2010	224	31	90	1
2010	225	32	60	1
2010	226	32	78	1
2010	227	32	87	1
2010	228	32	96	1
2010	229	32	69	1
2010	230	32	32	1
2010	231	32	25	1
2010	232	33	36	1
2010	233	33	43	1
2010	234	33	40	1
2010	235	33	28	1
2010	236	33	15	1
2010	237	33	21	1
2010	238	33	18	1
2010	239	34	10	1
2010	240	34	13	1
2010	241	34	15	1
2010	242	34	16	1
2010	243	34	9	1
2010	244	34	8	1
2010	245	34	17	1
2010	246	35	10	1
2010	247	35	14	1
2010	248	35	9	1
2010	249	35	15	1
2010	250	35	1	1
2010	251	35	1	1
2010	252	35	2	1
2010	253	36	2	1
2010	254	36	8	1
2010	255	36	0	0
2010	256	36	10	2
2010	257	36	1	1
2010	258	36	3	1
2010	259	36	1	1
2010	260	37	1	1
2010	261	37	0	1
2010	262	37	1	1
2010	263	37	5	1
2010	264	37	0	1
2010	265	37	0	1
2010	266	37	1	1
2010	267	38	0	1
2010	268	38	5	1
2010	269	38	2	1
2010	270	38	1	1
2010	271	38	0	1
2010	272	38	1	1
2010	273	38	0	1
2010	274	39	0	0
2010	275	39	0	2
2010	276	39	2	1
2010	277	39	0	0
2010	278	39	0	2
2010	279	39	1	1
2010	280	39	0	0
2010	281	40	0	0
2010	282	40	0	3
2010	283	40	1	1
2010	284	40	0	1
2010	285	40	0	1
2010	286	40	0	1
2010	287	40	0	0
2010	288	41	1	2
2010	289	41	0	1
2010	290	41	0	1
2010	291	41	0	1
2010	292	41	0	1
2010	293	41	0	1
2010	294	41	0	0
2010	295	42	0	0
2010	296	42	0	3
2010	297	42	0	1
2010	298	42	0	1
2010	299	42	0	1
2010	300	42	0	1
2010	301	42	0	0
2010	302	43	0	0
2010	303	43	0	3
2011	28	4	0	1
2011	29	4	0	1
2011	30	4	6	1
2011	31	4	1	1
2011	32	4	2	1
2011	33	4	0	0
2011	34	5	0	0
2011	35	5	2	3
2011	36	5	1	1
2011	37	5	0	1
2011	38	5	0	1
2011	39	5	4	1
2011	40	5	0	NA
2011	41	6	0	NA
2011	42	6	0	1
2011	43	6	4	1
2011	44	6	2	1
2011	45	6	2	1
2011	46	6	4	1
2011	47	6	0	1
2011	48	7	0	1
2011	49	7	5	1
2011	50	7	2	1
2011	51	7	6	1
2011	52	7	0	1
2011	53	7	0	1
2011	54	7	0	1
2011	55	8	0	1
2011	56	8	10	1
2011	57	8	3	1
2011	58	8	2	1
2011	59	8	4	1
2011	60	8	1	1
2011	61	8	0	0
2011	62	9	0	0
2011	63	9	1	3
2011	64	9	0	NA
2011	65	9	0	1
2011	66	9	19	1
2011	67	9	25	1
2011	68	9	0	0
2011	69	10	0	0
2011	70	10	63	3
2011	71	10	46	1
2011	72	10	16	1
2011	73	10	17	1
2011	74	10	18	1
2011	75	10	0	0
2011	76	11	0	0
2011	77	11	44	3
2011	78	11	8	1
2011	79	11	7	1
2011	80	11	4	1
2011	81	11	3	1
2011	82	11	0	0
2011	83	12	0	0
2011	84	12	5	3
2011	85	12	0	0
2011	86	12	13	2
2011	87	12	4	1
2011	88	12	5	1
2011	89	12	0	0
2011	90	13	0	0
2011	91	13	3	3
2011	92	13	0	0
2011	93	13	26	2
2011	94	13	8	1
2011	95	13	17	1
2011	96	13	0	0
2011	97	14	0	0
2011	98	14	28	3
2011	99	14	8	1
2011	100	14	1	1
2011	101	14	4	1
2011	102	14	4	1
2011	103	14	0	0
2011	104	15	0	0
2011	105	15	23	3
2011	106	15	3	1
2011	107	15	2	1
2011	108	15	3	1
2011	109	15	3	1
2011	110	15	0	0
2011	111	16	0	0
2011	112	16	0	0
2011	113	16	12	4
2011	114	16	3	1
2011	115	16	1	1
2011	116	16	4	1
2011	117	16	0	0
2011	118	17	0	0
2011	119	17	4	3
2011	120	17	2	1
2011	121	17	3	1
2011	122	17	1	1
2011	123	17	0	0
2011	124	17	0	0
2011	125	18	0	0
2011	126	18	3	4
2011	127	18	3	1
2011	128	18	0	1
2011	129	18	0	1
2011	130	18	1	1
2011	131	18	0	0
2011	132	19	0	0
2011	133	19	2	3
2011	134	19	0	1
2011	135	19	0	1
2011	136	19	0	1
2011	137	19	2	1
2011	138	19	0	0
2011	139	20	0	0
2011	140	20	0	0
2011	141	20	2	4
2011	142	20	4	1
2011	143	20	0	1
2011	144	20	1	1
2011	145	20	0	0
2011	146	21	0	0
2011	147	21	0	3
2011	148	21	0	1
2011	149	21	0	1
2011	150	21	0	1
2011	151	21	1	1
2011	152	21	0	0
2011	153	22	0	0
2011	154	22	11	3
2011	155	22	7	1
2011	156	22	4	1
2011	157	22	8	1
2011	158	22	3	1
2011	159	22	0	0
2011	160	23	0	0
2011	161	23	14	3
2011	162	23	1	1
2011	163	23	3	1
2011	164	23	1	1
2011	165	23	1	1
2011	166	23	0	0
2011	167	24	0	0
2011	168	24	34	3
2011	169	24	25	1
2011	170	24	4	1
2011	171	24	13	1
2011	172	24	20	1
2011	173	24	0	0
2011	174	25	0	0
2011	175	25	67	3
2011	176	25	9	1
2011	177	25	6	1
2011	178	25	8	1
2011	179	25	10	1
2011	180	25	0	0
2011	181	26	0	0
2011	182	26	41	3
2011	183	26	20	1
2011	184	26	45	1
2011	185	26	52	1
2011	186	26	51	1
2011	187	26	0	1
2011	188	27	60	1
2011	189	27	83	1
2011	190	27	53	1
2011	191	27	95	1
2011	192	27	127	1
2011	193	27	131	1
2011	194	27	72	1
2011	195	28	92	1
2011	196	28	142	1
2011	197	28	144	1
2011	198	28	116	1
2011	199	28	48	1
2011	200	28	23	1
2011	201	28	77	1
2011	202	29	107	1
2011	203	29	120	1
2011	204	29	77	1
2011	205	29	66	1
2011	206	29	34	1
2011	207	29	62	1
2011	208	29	76	1
2011	209	30	94	1
2011	210	30	118	1
2011	211	30	138	1
2011	212	30	138	1
2011	213	30	88	1
2011	214	30	59	1
2011	215	30	68	1
2011	216	31	100	1
2011	217	31	70	1
2011	218	31	86	1
2011	219	31	111	1
2011	220	31	108	1
2011	221	31	137	1
2011	222	31	110	1
2011	223	32	86	1
2011	224	32	67	1
2011	225	32	81	1
2011	226	32	45	1
2011	227	32	33	1
2011	228	32	30	1
2011	229	32	24	1
2011	230	33	28	1
2011	231	33	19	1
2011	232	33	18	1
2011	233	33	9	1
2011	234	33	17	1
2011	235	33	6	1
2011	236	33	4	1
2011	237	34	8	1
2011	238	34	2	1
2011	239	34	2	1
2011	240	34	6	1
2011	241	34	4	1
2011	242	34	8	1
2011	243	34	2	1
2011	244	35	4	1
2011	245	35	6	1
2011	246	35	2	1
2011	247	35	1	1
2011	248	35	4	1
2011	249	35	0	1
2011	250	35	0	1
2011	251	36	0	0
2011	252	36	4	2
2011	253	36	3	1
2011	254	36	4	1
2011	255	36	2	1
2011	256	36	0	1
2011	257	36	4	1
2011	258	37	4	1
2011	259	37	0	1
2011	260	37	0	1
2011	261	37	0	1
2011	262	37	4	1
2011	263	37	0	1
2011	264	37	1	1
2011	265	38	0	1
2011	266	38	3	1
2011	267	38	0	1
2011	268	38	1	1
2011	269	38	0	1
2011	270	38	1	1
2011	271	38	1	1
2011	272	39	0	1
2011	273	39	0	1
2011	274	39	0	1
2011	275	39	0	1
2011	276	39	0	0
2011	277	39	0	2
2011	278	39	0	0
2011	279	40	0	0
2011	280	40	0	3
2011	281	40	0	1
2011	282	40	0	1
2012	13	2	0	1
2012	14	2	0	1
2012	15	2	0	1
2012	16	2	0	0
2012	17	2	1	1
2012	18	2	0	0
2012	19	3	0	0
2012	20	3	4	1
2012	21	3	1	1
2012	22	3	0	1
2012	23	3	0	1
2012	24	3	0	1
2012	25	3	0	0
2012	26	4	0	0
2012	27	4	1	1
2012	28	4	0	1
2012	29	4	1	1
2012	30	4	2	1
2012	31	4	0	1
2012	32	4	0	NA
2012	33	5	0	1
2012	34	5	3	1
2012	35	5	3	1
2012	36	5	0	1
2012	37	5	2	1
2012	38	5	0	1
2012	39	5	0	NA
2012	40	6	0	NA
2012	41	6	0	1
2012	42	6	3	1
2012	43	6	0	1
2012	44	6	0	1
2012	45	6	0	1
2012	46	6	0	NA
2012	47	7	0	1
2012	48	7	0	1
2012	49	7	0	1
2012	50	7	0	1
2012	51	7	0	1
2012	52	7	5	1
2012	53	7	0	NA
2012	54	8	0	1
2012	55	8	3	1
2012	56	8	0	1
2012	57	8	6	1
2012	58	8	0	0
2012	59	8	4	1
2012	60	8	0	NA
2012	61	9	0	1
2012	62	9	3	1
2012	63	9	0	NA
2012	64	9	0	NA
2012	65	9	0	NA
2012	66	9	0	NA
2012	67	9	0	NA
2012	68	10	0	NA
2012	69	10	0	NA
2012	70	10	0	1
2012	71	10	9	1
2012	72	10	4	1
2012	73	10	4	1
2012	74	10	0	1
2012	75	11	0	1
2012	76	11	10	1
2012	77	11	7	1
2012	78	11	4	1
2012	79	11	3	1
2012	80	11	1	1
2012	81	11	0	0
2012	82	12	0	0
2012	83	12	8	3
2012	84	12	1	1
2012	85	12	0	0
2012	86	12	1	2
2012	87	12	0	1
2012	88	12	0	0
2012	89	13	0	0
2012	90	13	4	3
2012	91	13	0	1
2012	92	13	0	0
2012	93	13	4	2
2012	94	13	2	1
2012	95	13	0	0
2012	96	14	0	0
2012	97	14	6	3
2012	98	14	3	1
2012	99	14	3	1
2012	100	14	1	1
2012	101	14	2	1
2012	102	14	0	NA
2012	103	15	0	NA
2012	104	15	0	1
2012	105	15	1	1
2012	106	15	3	1
2012	107	15	1	1
2012	108	15	1	1
2012	109	15	0	0
2012	110	16	0	0
2012	111	16	0	0
2012	112	16	1	4
2012	113	16	1	1
2012	114	16	0	1
2012	115	16	0	1
2012	116	16	0	0
2012	117	17	0	0
2012	118	17	1	3
2012	119	17	0	1
2012	120	17	1	1
2012	121	17	0	1
2012	122	17	0	1
2012	123	17	0	0
2012	124	18	0	0
2012	125	18	4	3
2012	126	18	0	0
2012	127	18	2	2
2012	128	18	0	1
2012	129	18	0	NA
2012	130	18	0	NA
2012	131	19	0	NA
2012	132	19	0	NA
2012	133	19	0	1
2012	134	19	3	1
2012	135	19	2	1
2012	136	19	0	NA
2012	137	19	0	NA
2012	138	20	0	NA
2012	139	20	0	NA
2012	140	20	0	NA
2012	141	20	0	1
2012	142	20	1	1
2012	143	20	5	1
2012	144	20	0	0
2012	145	21	0	0
2012	146	21	9	3
2012	147	21	7	1
2012	148	21	2	1
2012	149	21	2	1
2012	150	21	5	1
2012	151	21	0	0
2012	152	22	0	0
2012	153	22	16	3
2012	154	22	9	1
2012	155	22	6	1
2012	156	22	1	1
2012	157	22	0	NA
2012	158	22	0	NA
2012	159	23	0	NA
2012	160	23	0	NA
2012	161	23	0	NA
2012	162	23	0	NA
2012	163	23	0	NA
2012	164	23	0	NA
2012	165	23	0	NA
2012	166	24	0	1
2012	167	24	5	1
2012	168	24	2	1
2012	169	24	2	1
2012	170	24	5	1
2012	171	24	6	1
2012	172	24	0	0
2012	173	25	0	0
2012	174	25	27	3
2012	175	25	9	1
2012	176	25	9	1
2012	177	25	14	1
2012	178	25	7	1
2012	179	25	0	0
2012	180	26	0	0
2012	181	26	6	3
2012	182	26	5	1
2012	183	26	15	1
2012	184	26	13	1
2012	185	26	14	1
2012	186	26	0	0
2012	187	27	0	0
2012	188	27	42	3
2012	189	27	15	1
2012	190	27	16	1
2012	191	27	23	1
2012	192	27	14	1
2012	193	27	0	0
2012	194	28	21	2
2012	195	28	15	1
2012	196	28	21	1
2012	197	28	12	1
2012	198	28	11	1
2012	199	28	17	1
2012	200	28	3	1
2012	201	29	8	1
2012	202	29	4	1
2012	203	29	10	1
2012	204	29	3	1
2012	205	29	0	1
2012	206	29	5	1
2012	207	29	2	1
2012	208	30	5	1
2012	209	30	5	1
2012	210	30	4	1
2012	211	30	13	1
2012	212	30	11	1
2012	213	30	14	1
2012	214	30	15	1
2012	215	31	16	1
2012	216	31	11	1
2012	217	31	6	1
2012	218	31	4	1
2012	219	31	6	1
2012	220	31	3	1
2012	221	31	10	1
2012	222	32	2	1
2012	223	32	4	1
2012	224	32	5	1
2012	225	32	5	1
2012	226	32	12	1
2012	227	32	9	1
2012	228	32	7	1
2012	229	33	6	1
2012	230	33	1	1
2012	231	33	8	1
2012	232	33	4	1
2012	233	33	5	1
2012	234	33	3	1
2012	235	33	3	1
2012	236	34	2	1
2012	237	34	0	1
2012	238	34	2	1
2012	239	34	0	1
2012	240	34	0	1
2012	241	34	2	1
2012	242	34	0	0
2012	243	35	0	0
2012	244	35	2	3
2012	245	35	0	1
2012	246	35	0	1
2012	247	35	0	1
2012	248	35	0	1
2012	249	35	0	0
2012	250	36	0	0
2012	251	36	0	3
2012	252	36	1	1
2012	253	36	0	1
2012	254	36	0	1
2012	255	36	0	1
2012	256	36	0	0
2012	257	37	0	0
2012	258	37	0	3
2012	259	37	0	1
2012	260	37	0	0
2012	261	37	0	2
2012	262	37	0	1
2012	263	37	0	0
2012	264	38	0	0
2012	265	38	0	3
2012	266	38	0	1
2012	267	38	1	1
2012	268	38	0	1
2012	269	38	1	1
2012	270	38	0	0
2012	271	39	0	0
2012	272	39	0	3
2012	273	39	0	1
2012	274	39	0	1
2012	275	39	0	1
2012	276	39	0	0
2012	277	39	0	0
2012	278	40	0	0
2012	279	40	0	4
2012	280	40	0	1
2012	281	40	0	1
2012	282	40	0	1
2012	283	40	0	1
2013	12	2	0	1
2013	13	2	0	0
2013	14	2	0	2
2013	15	2	0	0
2013	16	2	0	2
2013	17	2	0	0
2013	18	3	0	0
2013	19	3	0	0
2013	20	3	0	0
2013	21	3	0	5
2013	22	3	0	0
2013	23	3	0	2
2013	24	3	0	0
2013	25	4	0	0
2013	26	4	0	3
2013	27	4	0	1
2013	28	4	1	1
2013	29	4	0	1
2013	30	4	1	1
2013	31	4	0	NA
2013	32	5	0	NA
2013	33	5	0	NA
2013	34	5	0	1
2013	35	5	0	1
2013	36	5	0	1
2013	37	5	0	NA
2013	38	5	0	NA
2013	39	6	0	NA
2013	40	6	0	NA
2013	41	6	0	NA
2013	42	6	0	1
2013	43	6	2	1
2013	44	6	0	1
2013	45	6	0	0
2013	46	7	0	0
2013	47	7	1	3
2013	48	7	1	1
2013	49	7	0	1
2013	50	7	0	0
2013	51	7	0	0
2013	52	7	0	0
2013	53	8	0	0
2013	54	8	0	5
2013	55	8	0	1
2013	56	8	0	1
2013	57	8	0	NA
2013	58	8	0	NA
2013	59	8	0	NA
2013	60	9	0	1
2013	61	9	1	1
2013	62	9	1	1
2013	63	9	0	1
2013	64	9	0	1
2013	65	9	0	1
2013	66	9	0	0
2013	67	10	0	0
2013	68	10	1	3
2013	69	10	1	1
2013	70	10	0	1
2013	71	10	0	1
2013	72	10	1	1
2013	73	10	0	0
2013	74	11	0	0
2013	75	11	0	3
2013	76	11	0	1
2013	77	11	0	1
2013	78	11	0	1
2013	79	11	0	1
2013	80	11	0	0
2013	81	12	0	0
2013	82	12	2	3
2013	83	12	0	1
2013	84	12	0	1
2013	85	12	0	0
2013	86	12	0	2
2013	87	12	0	0
2013	88	13	0	0
2013	89	13	1	3
2013	90	13	0	1
2013	91	13	0	0
2013	92	13	0	0
2013	93	13	0	3
2013	94	13	0	0
2013	95	14	0	0
2013	96	14	2	3
2013	97	14	0	1
2013	98	14	1	1
2013	99	14	0	1
2013	100	14	0	1
2013	101	14	0	0
2013	102	15	0	0
2013	103	15	0	3
2013	104	15	0	1
2013	105	15	1	1
2013	106	15	0	1
2013	107	15	0	1
2013	108	15	0	0
2013	109	16	0	0
2013	110	16	0	0
2013	111	16	2	4
2013	112	16	0	1
2013	113	16	0	1
2013	114	16	0	1
2013	115	16	0	0
2013	116	17	0	0
2013	117	17	0	3
2013	118	17	0	1
2013	119	17	0	1
2013	120	17	0	1
2013	121	17	1	1
2013	122	17	0	0
2013	123	18	0	0
2013	124	18	0	3
2013	125	18	0	1
2013	126	18	0	1
2013	127	18	0	1
2013	128	18	0	1
2013	129	18	0	0
2013	130	19	0	0
2013	131	19	0	3
2013	132	19	0	1
2013	133	19	0	NA
2013	134	19	0	NA
2013	135	19	0	NA
2013	136	19	0	NA
2013	137	20	0	NA
2013	138	20	0	NA
2013	139	20	0	1
2013	140	20	1	1
2013	141	20	0	1
2013	142	20	1	1
2013	143	20	0	0
2013	144	21	0	0
2013	145	21	0	3
2013	146	21	1	1
2013	147	21	1	1
2013	148	21	2	1
2013	149	21	2	1
2013	150	21	0	0
2013	151	22	0	0
2013	152	22	2	3
2013	153	22	3	1
2013	154	22	2	1
2013	155	22	3	1
2013	156	22	1	1
2013	157	22	0	0
2013	158	23	0	0
2013	159	23	0	3
2013	160	23	0	0
2013	161	23	0	2
2013	162	23	0	0
2013	163	23	7	2
2013	164	23	0	0
2013	165	24	0	0
2013	166	24	2	3
2013	167	24	2	1
2013	168	24	1	1
2013	169	24	0	1
2013	170	24	0	1
2013	171	24	0	0
2013	172	25	0	0
2013	173	25	14	3
2013	174	25	5	1
2013	175	25	0	1
2013	176	25	5	1
2013	177	25	7	1
2013	178	25	0	0
2013	179	26	0	0
2013	180	26	0	3
2013	181	26	3	1
2013	182	26	7	1
2013	183	26	3	1
2013	184	26	2	1
2013	185	26	0	0
2013	186	27	0	0
2013	187	27	3	3
2013	188	27	0	1
2013	189	27	1	1
2013	190	27	3	1
2013	191	27	2	1
2013	192	27	0	0
2013	193	28	0	0
2013	194	28	5	3
2013	195	28	4	1
2013	196	28	6	1
2013	197	28	2	1
2013	198	28	9	1
2013	199	28	0	0
2013	200	29	16	2
2013	201	29	3	1
2013	202	29	15	1
2013	203	29	14	1
2013	204	29	14	1
2013	205	29	12	1
2013	206	29	9	1
2013	207	30	12	1
2013	208	30	16	1
2013	209	30	11	1
2013	210	30	5	1
2013	211	30	17	1
2013	212	30	11	1
2013	213	30	10	1
2013	214	31	9	1
2013	215	31	4	1
2013	216	31	3	1
2013	217	31	5	1
2013	218	31	4	1
2013	219	31	1	1
2013	220	31	4	1
2013	221	32	6	1
2013	222	32	3	1
2013	223	32	4	1
2013	224	32	3	1
2013	225	32	5	1
2013	226	32	1	1
2013	227	32	5	1
2013	228	33	2	1
2013	229	33	4	1
2013	230	33	3	1
2013	231	33	3	1
2013	232	33	0	1
2013	233	33	1	1
2013	234	33	2	1
2013	235	34	1	1
2013	236	34	4	1
2013	237	34	4	1
2013	238	34	4	1
2013	239	34	8	1
2013	240	34	2	1
2013	241	34	1	1
2013	242	35	0	1
2013	243	35	3	1
2013	244	35	0	1
2013	245	35	2	1
2013	246	35	3	1
2013	247	35	4	1
2013	248	35	0	0
2013	249	36	0	0
2013	250	36	0	3
2013	251	36	0	1
2013	252	36	0	1
2013	253	36	0	1
2013	254	36	0	1
2013	255	36	0	0
2013	256	37	0	0
2013	257	37	0	3
2013	258	37	0	1
2013	259	37	0	1
2013	260	37	0	1
2013	261	37	0	1
2013	262	37	0	0
2013	263	38	0	0
2013	264	38	0	3
2013	265	38	0	1
2013	266	38	0	1
2013	267	38	0	1
2013	268	38	0	1
